13 19 40.758537 -73.994452
16 14 35.784121 140.380403
16 46 35.675324 140.196048
17 24 35.680808 139.770217
07 14 35.657225 139.827728
16 16 35.652969 140.038437
16 32 35.652969 140.038437
20 32 35.674793 140.013068
23 33 35.671955 139.778820
06 36 35.663528 139.803578
11 51 35.652969 140.038437
21 31 35.667230 140.016226
22 11 35.670630 139.786717
07 24 35.666556 140.013795
12 05 35.646138 140.039039
15 09 35.651625 140.040413
15 11 35.651618 140.040614
16 37 35.651570 140.040458
17 33 35.651584 140.040437
20 00 35.650134 140.041128
21 31 35.651502 140.040596
22 22 35.659332 140.029048
07 05 35.664911 139.783917
07 42 35.669158 139.931579
08 26 35.651184 140.041753
15 26 35.679243 139.994977
16 19 35.662967 139.744298
18 59 35.737783 139.711026
21 49 35.672998 139.724145
05 57 35.667512 139.784895
09 29 35.644470 139.814018
11 49 35.631943 139.789456
13 22 35.626827 139.778003
13 57 35.661978 139.799348
14 31 35.668581 139.785122
13 16 35.649151 139.802643
14 17 35.660571 139.800588
15 14 35.672775 139.795096
07 09 35.666123 139.805165
07 40 35.650600 140.040315
16 19 35.651444 140.040544
17 46 35.649564 140.044178
19 52 35.651438 140.040549
22 15 35.659463 140.028821
22 48 35.641723 139.802676
05 38 35.668938 139.783829
07 13 35.674367 139.795368
14 06 35.650793 140.040248